0 1.833119
1 1.541229
2 1.381373
3 1.273973
4 1.194591
5 1.132534
6 1.082194
7 1.040270
8 1.004661
9 0.973954
10 0.947150
11 0.923522
12 0.902523
13 0.883734
14 0.866826
15 0.851536
16 0.837653
17 0.825003
18 0.813443
19 0.802853
20 0.793131
21 0.784195
22 0.775928
23 0.768446
24 0.761527
25 0.755115
26 0.749162
27 0.743767
28 0.738760
29 0.734082
30 0.729848
31 0.725902
32 0.722257
33 0.718968
34 0.715916
35 0.713059
36 0.710536
37 0.708199
38 0.706026
39 0.704127
40 0.702382
41 0.700788
42 0.699399
43 0.698168
44 0.697064
45 0.696141
46 0.695336
47 0.694655
48 0.694134
49 0.693716
