0.048372 8.377388
0.051422 -nan
0.053431 10.388360
0.055369 7.360653
0.057304 6.959586
0.059266 7.236582
0.061171 6.450585
0.063095 5.805327
0.064917 6.197808
0.066697 5.525163
0.068544 5.198776
0.070349 5.586791
0.072127 5.435552
0.074831 4.852894
0.077026 4.883067
0.079293 4.867787
0.081326 4.519730
0.083420 4.525403
0.085469 4.398726
0.087334 4.193631
0.089212 4.703658
0.091343 4.892447
0.093340 4.555654
0.095865 5.482770
0.097883 3.873049
0.099837 4.396436
0.101735 4.063675
0.103560 4.966879
0.105387 4.189146
0.107624 5.140046
0.109983 4.280067
0.112068 4.566727
0.114150 3.989706
0.116077 4.894140
0.118052 4.174985
0.119878 3.910030
0.121706 3.901198
0.123541 3.446881
0.125538 3.702353
0.127785 3.547223
0.129753 3.417258
0.131687 4.849076
0.133679 3.476580
0.135647 3.836351
0.137591 3.778952
0.139449 3.255231
0.141427 3.724340
0.143392 3.264999
0.145328 5.670105
0.147163 4.271069
0.148991 3.628086
0.150860 3.405747
0.152685 3.351018
0.155198 3.365826
0.157285 3.276294
0.159251 3.367956
0.161063 4.157468
0.162908 5.719777
0.164997 3.174297
0.167941 3.222776
0.170764 3.256373
0.172860 3.121446
0.174880 3.136319
0.176809 3.132461
0.178728 3.219439
0.180617 2.839542
0.182510 3.419779
0.184348 3.341969
0.195657 3.028033
0.197528 2.811659
0.199364 2.914063
0.201269 5.073300
0.203221 2.811622
0.205149 3.460254
0.206992 2.749405
0.209205 3.506277
0.212260 2.826568
0.214441 2.933173
0.216406 2.839274
0.218331 3.371258
0.220151 0.040238
0.221979 0.077970
0.223854 0.031363
0.225887 0.071964
0.229352 0.066595
0.231310 0.071883
0.233330 0.072004
0.235191 0.022332
0.237035 0.085820
0.240540 0.074919
0.243362 0.055239
0.245177 0.033314
0.247404 0.052552
0.249253 0.071533
0.251108 0.008912
0.252933 0.033576
0.254754 0.075812
0.256628 0.061537
0.258456 0.053052
0.260277 0.082731
0.262175 0.071919
0.264001 0.058571
0.265835 0.008666
0.267665 0.054716
0.269479 0.029431
0.271307 0.049625
0.273152 0.066261
0.274970 0.041032
0.276800 0.069069
0.278685 0.057666
0.280511 0.022929
0.282323 0.074396
0.284192 0.007588
0.286013 0.062355
0.287832 0.070322
0.289675 0.065979
0.291630 0.064070
0.293545 0.057340
0.295808 0.028013
0.298458 0.065467
0.301022 0.035776
0.302941 0.053770
0.304795 0.044634
0.306610 0.047533
0.308434 0.008448
0.310322 0.046564
0.312140 0.008321
0.313980 0.049003
0.315893 0.040297
0.317809 0.034978
0.319760 0.052485
0.321615 0.034289
0.323538 0.057347
0.325388 0.044459
0.327240 0.033971
0.329139 0.011381
0.330973 0.037769
0.332811 0.047171
0.334685 0.035368
0.337063 0.038652
0.339155 0.033635
0.341037 0.053918
0.342879 0.040753
0.344760 0.018388
0.346590 0.013672
0.348450 0.035284
0.350324 0.007263
0.352298 0.035309
0.354661 0.051220
0.356500 0.038052
0.358383 0.049463
0.360218 0.030552
0.362049 0.023669
0.363929 0.024239
0.365774 0.025005
0.367883 0.030492
0.369868 0.035363
0.371806 0.033239
0.373686 0.014211
0.375546 0.015419
