0 1.317497
1 1.057135
2 0.933813
3 0.862773
4 0.817878
5 0.787854
6 0.766967
7 0.751994
8 0.741000
9 0.732763
10 0.726483
11 0.721622
12 0.717806
13 0.714773
14 0.712333
15 0.710350
16 0.708719
17 0.707366
18 0.706232
19 0.705273
20 0.704453
21 0.703747
22 0.703132
23 0.702593
24 0.702115
25 0.701688
26 0.701304
27 0.700955
28 0.700635
29 0.700340
30 0.700066
31 0.699809
32 0.699568
33 0.699339
34 0.699122
35 0.698914
36 0.698715
37 0.698523
38 0.698337
39 0.698158
40 0.697984
41 0.697815
42 0.697650
43 0.697489
44 0.697332
45 0.697179
46 0.697030
47 0.696884
48 0.696741
49 0.696601
50 0.696464
51 0.696331
52 0.696200
53 0.696072
54 0.695947
55 0.695825
56 0.695706
57 0.695590
58 0.695476
59 0.695366
60 0.695258
61 0.695153
62 0.695051
63 0.694952
64 0.694855
65 0.694762
66 0.694671
67 0.694583
68 0.694497
69 0.694415
70 0.694335
71 0.694258
72 0.694183
73 0.694112
74 0.694043
75 0.693977
76 0.693913
77 0.693852
78 0.693794
79 0.693738
80 0.693686
81 0.693635
82 0.693587
83 0.693542
84 0.693500
85 0.693460
86 0.693422
87 0.693387
88 0.693354
89 0.693324
90 0.693297
91 0.693271
92 0.693248
93 0.693228
94 0.693210
95 0.693194
96 0.693181
97 0.693169
98 0.693161
99 0.693154
